<!-- generated by Finnhub -->
<svg viewBox="0 0 75 75" xmlns="http://www.w3.org/2000/svg">
  <rect x="0" y="0" width="75" height="75" fill="rgb(1, 145, 186)"/>

  <g transform="translate(0.00000000 0.00000000) scale(0.07500000)">
    <path d="M0 0 C48.51 0 97.02 0 147 0 C132.84949167 42.45152499 132.84949167 42.45152499 127.6875 57.5625 C127.37918243 58.46633423 127.07086487 59.37016846 126.75320435 60.3013916 C121.90781464 74.50157825 116.98936611 88.67530753 112.03198242 102.83673096 C106.01982623 120.0150603 100.09704569 137.22368453 94.1875 154.4375 C92.28932576 159.96623625 90.39096963 165.49490999 88.4921875 171.0234375 C88.25864185 171.70344378 88.02509621 172.38345005 87.78447342 173.08406258 C83.14744884 186.5839082 78.48577027 200.07515782 73.8125 213.5625 C73.45022308 214.60808075 73.08794617 215.6536615 72.71469116 216.73092651 C71.25380914 220.94707455 69.79291175 225.16321726 68.33189392 229.37931824 C64.44714129 240.59171875 60.57346171 251.80793949 56.70022583 263.02432251 C51.60285481 277.78555934 46.50410365 292.54631749 41.3984375 307.3046875 C41.02271606 308.39091904 40.64699463 309.47715057 40.2598877 310.59629822 C38.39448202 315.98810683 36.52694267 321.37916108 34.65527344 326.76879883 C31.23427258 336.62428538 27.82794076 346.48390801 24.4803772 356.36462402 C22.94543876 360.89154694 21.40093759 365.41517966 19.85552979 369.9385376 C19.12791924 372.07686017 18.40493138 374.21676222 17.68695068 376.3583374 C16.69373509 379.31987763 15.68452129 382.2755261 14.671875 385.23046875 C14.38819061 386.0905806 14.10450623 386.95069244 13.81222534 387.83686829 C10.81740445 396.47167721 6.41706684 404.70522614 -2 409 C-6.27793652 410.6444332 -9.80382691 411.24822289 -14.37814331 411.24050903 C-15.64010025 411.24325836 -16.90205719 411.24600769 -18.20225525 411.24884033 C-19.58780004 411.24176345 -20.97334385 411.23449386 -22.35888672 411.22705078 C-23.82773328 411.22648623 -25.2965804 411.22680409 -26.76542664 411.22793579 C-30.74226697 411.22850858 -34.71898616 411.21676627 -38.6957984 411.20278788 C-42.85579657 411.19026817 -47.01579766 411.18910904 -51.17581177 411.18673706 C-59.04860821 411.18052594 -66.92134896 411.16412009 -74.79412091 411.14403808 C-83.75901514 411.12166764 -92.72391207 411.11068277 -101.68882728 411.10064721 C-120.12591639 411.07975354 -138.56295372 411.0445847 -157 411 C-155.05071917 410.01511619 -153.12213123 409.05086703 -151.10546875 408.2109375 C-144.26114619 405.22787227 -139.75917199 400.99830187 -136.72485352 394.10180664 C-136.30131592 392.94543701 -135.87777832 391.78906738 -135.44140625 390.59765625 C-135.31737175 390.25947121 -135.31737175 390.25947121 -134.68968201 388.54804993 C-130.38737921 376.69603422 -126.36681428 364.74049154 -122.2884407 352.80996323 C-120.3086269 347.02149874 -118.32273542 341.23511383 -116.33735466 335.4485569 C-115.84165289 334.00378668 -115.34602325 332.5589917 -114.85046577 331.11417198 C-110.79488266 319.29104552 -106.69679869 307.48333073 -102.5625 295.6875 C-96.12741492 277.31935531 -89.81017177 258.91131713 -83.5 240.5 C-77.18982502 222.08867349 -70.87146886 203.68104245 -64.4375 185.3125 C-58.28721472 167.75208876 -52.22944788 150.16039862 -46.1875 132.5625 C-44.29319178 127.04549631 -42.39873798 121.52854266 -40.50390625 116.01171875 C-40.3873383 115.67232741 -40.3873383 115.67232741 -39.79743385 113.95480156 C-32.60215118 93.0077631 -25.35405497 72.07902391 -18.09417725 51.15429688 C-16.95895507 47.88167558 -15.82438733 44.60882795 -14.68994141 41.3359375 C-12.79879341 35.88037568 -10.90609109 30.42535555 -9.012146 24.97076416 C-8.30147324 22.92350836 -7.59122046 20.87610672 -6.88140869 18.82855225 C-5.91053688 16.02847139 -4.93793745 13.22899683 -3.96484375 10.4296875 C-3.67724686 9.59912842 -3.38964996 8.76856934 -3.09333801 7.9128418 C-1.11432318 2.22864636 -1.11432318 2.22864636 0 0 Z " fill="rgb(254, 255, 256)" transform="translate(657,232)"/>
<path d="M0 0 C1.3807673 0.00141331 2.76153834 0.00061298 4.14230347 -0.00221252 C7.86093714 -0.00363712 11.57875136 0.02559498 15.29719591 0.06065726 C19.19421171 0.09208232 23.09124984 0.09486414 26.9883728 0.1007843 C34.3547406 0.11627564 41.72073385 0.15723954 49.08693731 0.20753175 C57.47873397 0.26357271 65.87054926 0.29094864 74.2624867 0.31600893 C91.51293502 0.36816021 108.7630196 0.45600981 126.01318359 0.56762695 C124.03873224 1.56294149 122.07452985 2.54079559 120.04833984 3.42700195 C110.26556447 7.84377975 107.7308492 14.99336848 104.01318359 24.56762695 C102.57556195 28.62078633 101.25737298 32.70642945 99.95849609 36.8059082 C99.77156189 37.38829506 99.77156189 37.38829506 98.82556152 40.33552551 C98.01661473 42.85777169 97.20951312 45.38051846 96.40557861 47.90435791 C95.10619578 51.98314311 93.7993599 56.05951711 92.49121094 60.13549805 C92.03541866 61.55590427 91.57963875 62.97631447 91.12387085 64.39672852 C90.89517681 65.10944916 90.66648277 65.8221698 90.43085861 66.55648804 C89.72580814 68.75469362 89.02145332 70.953121 88.31729126 73.15161133 C83.60426361 87.86375706 78.84363703 102.56036422 74.07730103 117.25531006 C71.89563624 123.98163569 69.71602563 130.70862706 67.53626442 137.43556976 C66.80666378 139.68714239 66.0770034 141.93869565 65.34733582 144.19024658 C60.20992231 160.04352555 55.07978701 175.89915778 49.95068359 191.75512695 C49.49432441 193.16587343 49.03796455 194.57661969 48.581604 195.98736572 C46.75850868 201.6231303 44.93545726 207.25890907 43.11248779 212.89471436 C39.45560351 224.20015931 35.79820917 235.50543919 32.14051819 246.81062317 C31.68165058 248.22889194 31.22278319 249.64716078 30.76391602 251.06542969 C30.53676816 251.76749825 30.3096203 252.46956682 30.07558918 253.19291019 C28.47561762 258.1381613 26.87583704 263.08347416 25.27612305 268.02880859 C24.36297256 270.85164933 23.44980424 273.67448429 22.53662109 276.49731445 C22.31048063 277.19636084 22.08434017 277.89540722 21.85134697 278.61563683 C18.81472883 288.00216843 15.77624488 297.38809403 12.73614502 306.77349854 C11.06199305 311.94197795 9.38841907 317.11064449 7.71495438 322.27934647 C6.59803562 325.72894479 5.48084437 329.17845414 4.36279297 332.62768555 C-4.15816771 358.91853941 -12.56354116 385.24489181 -20.98681641 411.56762695 C-66.52681641 411.56762695 -112.06681641 411.56762695 -158.98681641 411.56762695 C-155.61194444 399.1930964 -155.61194444 399.1930964 -153.97583008 394.15576172 C-153.60572311 393.0119252 -153.23561615 391.86808868 -152.85429382 390.68959045 C-152.45845596 389.47500656 -152.0626181 388.26042267 -151.65478516 387.0090332 C-151.22635932 385.68805732 -150.79816893 384.36700505 -150.37019348 383.04588318 C-149.45424451 380.22004877 -148.53672148 377.39473241 -147.61791992 374.56982422 C-146.14523992 370.04192197 -144.67611926 365.51286962 -143.20751953 360.98364258 C-141.41269245 355.44904577 -139.6170698 349.91470839 -137.8203907 344.38071251 C-134.67880872 334.70395741 -131.54348697 325.02519035 -128.41259766 315.3449707 C-128.18793509 314.65035799 -127.96327251 313.95574528 -127.73180199 313.24008369 C-126.60199776 309.74682846 -125.47231258 306.25353474 -124.34268188 302.76022339 C-122.28763956 296.40533356 -120.23152825 290.05078956 -118.17551231 283.69621468 C-117.02923796 280.15336581 -115.88303052 276.6104953 -114.73681641 273.06762695 C-114.27848339 271.65096018 -113.82015006 270.23429352 -113.36181641 268.81762695 C-113.13494141 268.11637695 -112.90806641 267.41512695 -112.67431641 266.69262695 C-108.66389974 254.29679362 -108.66389974 254.29679362 -88.61181641 192.31762695 C-88.3849392 191.61637003 -88.158062 190.91511311 -87.92430973 190.19260597 C-87.46599892 188.77600915 -87.00768784 187.35941242 -86.54937649 185.94281578 C-85.40319633 182.40008115 -84.25702088 178.857345 -83.1108551 175.31460571 C-81.05250161 168.95235683 -78.99411613 162.59011831 -76.93555164 156.2279377 C-75.79506424 152.70315424 -74.65460486 149.17836172 -73.51416016 145.65356445 C-73.28813551 144.95498699 -73.06211086 144.25640953 -72.82923698 143.53666306 C-70.26000588 135.59575412 -67.69140333 127.65464242 -65.12402344 119.71313477 C-64.88623326 118.97761352 -64.64844309 118.24209227 -64.40344715 117.48428249 C-63.2040512 113.7742905 -62.00480385 110.06425056 -60.80577087 106.35414124 C-58.46701667 99.1182641 -56.12547015 91.88331147 -53.77758789 84.65039062 C-52.87838491 81.87937665 -51.97940681 79.10828981 -51.08056641 76.3371582 C-50.86213137 75.66387419 -50.64369633 74.99059017 -50.41864204 74.29690361 C-47.77231191 66.13624253 -45.1561723 57.96713098 -42.58436584 49.78259277 C-41.2276853 45.46845697 -39.85822132 41.15843605 -38.48727417 36.84881592 C-37.87293414 34.90439525 -37.26519413 32.95787407 -36.66482544 31.00909424 C-29.70296967 8.41538296 -29.70296967 8.41538296 -19.6288147 2.87776184 C-13.16537778 -0.21580721 -7.05471161 -0.09960972 0 0 Z " fill="rgb(254, 255, 256)" transform="translate(372.98681640625,356.432373046875)"/>
<path d="M0 0 C10.31915757 6.3888744 13.05088875 16.92734686 16.39453125 27.921875 C16.84763491 29.38176298 17.30175071 30.84133716 17.75682068 32.3006134 C18.94737017 36.1278784 20.12419673 39.95922646 21.2980957 43.79162598 C22.48402725 47.65467995 23.68300644 51.51367645 24.88085938 55.37304688 C26.23297107 59.73377363 27.58353022 64.09496119 28.92640686 68.45854187 C29.13099486 69.12266744 29.33558287 69.786793 29.54637051 70.47104359 C29.94522306 71.77209075 30.34104806 73.0740704 30.73365116 74.37701702 C31.65762733 77.43220489 32.63435403 80.44708144 33.71139526 83.45230103 C36.26832835 90.77280801 36.84564063 95.5580325 34.453125 102.94140625 C34.21652161 103.7640799 33.97991821 104.58675354 33.73614502 105.43435669 C32.94831376 108.12013926 32.10205203 110.78175172 31.2421875 113.4453125 C30.92182526 114.45379242 30.60146301 115.46227234 30.27139282 116.50131226 C29.57589498 118.68971128 28.87813377 120.87739201 28.17834473 123.06442261 C26.26589172 129.04309277 24.37127082 135.02740567 22.4765625 141.01171875 C22.27668732 141.64244986 22.07681213 142.27318096 21.87088013 142.92302513 C18.54841692 153.41114855 15.28565931 163.91694579 12.0546875 174.43359375 C11.83077457 175.16235403 11.60686165 175.89111431 11.37616348 176.64195824 C9.38343924 183.12973971 7.39436309 189.61863629 5.40899658 196.1086731 C-8.75439801 242.40652795 -8.75439801 242.40652795 -18.546875 247.94140625 C-23.78604534 249.68779636 -29.57109928 249.98241994 -34.8359375 248.140625 C-46.18976191 241.76231824 -49.07566373 228.45369416 -52.671875 216.9140625 C-53.228014 215.15707752 -53.78474647 213.4002803 -54.34204102 211.6436615 C-55.50150971 207.97618174 -56.64964039 204.3053805 -57.79052734 200.63208008 C-59.24873725 195.9423654 -60.74124554 191.26437607 -62.2432251 186.58852482 C-63.40050731 182.96886646 -64.53609736 179.34267048 -65.66571045 175.71429253 C-66.20695457 173.98693696 -66.75554526 172.26186442 -67.31182861 170.53929329 C-72.72481013 153.71572073 -72.72481013 153.71572073 -69.546875 144.94140625 C-68.91748935 142.80410096 -68.28925228 140.66645727 -67.66186523 138.52856445 C-66.89831058 136.09811839 -66.12918725 133.66941708 -65.35546875 131.2421875 C-64.93322598 129.90395448 -64.5114915 128.565561 -64.09022522 127.22702026 C-63.19326048 124.38010578 -62.29323119 121.53418727 -61.390625 118.6890564 C-59.24633451 111.9296875 -57.11659123 105.16572931 -54.98553848 98.40217781 C-54.25942043 96.09817608 -53.53266133 93.79437718 -52.80587769 91.49058533 C-49.68648287 81.59665646 -46.60203116 71.69249231 -43.55078125 61.77734375 C-43.35764091 61.15003105 -43.35764091 61.15003105 -42.38023376 57.97544861 C-40.91457532 53.21142694 -39.45024963 48.44701047 -37.9916687 43.68081665 C-26.40215755 5.81263841 -26.40215755 5.81263841 -16.546875 -0.05859375 C-11.12169811 -1.86698605 -5.35148075 -2.22431178 0 0 Z " fill="rgb(252, 254, 256)" transform="translate(517.546875,376.05859375)"/>
<path d="M0 0 C0.66 0.33 1.32 0.66 2 1 C-0.31 3.31 -2.62 5.62 -5 8 C-5.66 7.67 -6.32 7.34 -7 7 C-4.66666667 4.66666667 -2.33333333 2.33333333 0 0 Z " fill="rgb(198, 230, 241)" transform="translate(499,377)"/>
  </g>
</svg>
